[gd_scene load_steps=14 format=2]

[ext_resource path="res://actors/player/Player.tscn" type="PackedScene" id=1]
[ext_resource path="res://Game.gd" type="Script" id=2]
[ext_resource path="res://static/bonfire/Bonfire.tscn" type="PackedScene" id=3]
[ext_resource path="res://static/trees/normal/Tree.tscn" type="PackedScene" id=4]
[ext_resource path="res://static/trees/twig/PickupTwig.tscn" type="PackedScene" id=5]
[ext_resource path="res://actors/villager/Villager.tscn" type="PackedScene" id=6]
[ext_resource path="res://interface/GUI.tscn" type="PackedScene" id=8]
[ext_resource path="res://utils/GlobalSignals.tscn" type="PackedScene" id=9]
[ext_resource path="res://static/weather/Weather.tscn" type="PackedScene" id=10]
[ext_resource path="res://static/crafting-table/CraftingTable.tscn" type="PackedScene" id=11]

[sub_resource type="PlaneMesh" id=1]
size = Vector2( 150, 150 )

[sub_resource type="SpatialMaterial" id=2]
albedo_color = Color( 0.607843, 1, 0.980392, 1 )

[sub_resource type="ConcavePolygonShape" id=3]
data = PoolVector3Array( 75, 0, 75, -75, 0, 75, 75, 0, -75, -75, 0, 75, -75, 0, -75, 75, 0, -75 )

[node name="Game" type="Node"]
script = ExtResource( 2 )

[node name="Weather" parent="." instance=ExtResource( 10 )]

[node name="GlobalSignals" parent="." instance=ExtResource( 9 )]

[node name="MeshInstance" type="MeshInstance" parent="."]
transform = Transform( 0.707107, 0, -0.707107, 0, 1, 0, 0.707107, 0, 0.707107, 0, 0.238391, 0 )
mesh = SubResource( 1 )
material/0 = SubResource( 2 )

[node name="Bonfire" parent="MeshInstance" instance=ExtResource( 3 )]
transform = Transform( 1, 0, 0, 0, 1, 0, 0, 0, 1, -14.2514, 1.00001, -3.92798 )

[node name="StaticBody" type="StaticBody" parent="MeshInstance"]

[node name="CollisionShape" type="CollisionShape" parent="MeshInstance/StaticBody"]
shape = SubResource( 3 )

[node name="Player" parent="." instance=ExtResource( 1 )]

[node name="Tree" parent="." instance=ExtResource( 4 )]
transform = Transform( 0.0738298, 0, -0.997271, 0, 1, 0, 0.997271, 0, 0.0738298, 3.61571, 0, -5.26199 )

[node name="Tree2" parent="." instance=ExtResource( 4 )]
transform = Transform( -0.773708, 0, -0.633543, 0, 1, 0, 0.633543, 0, -0.773708, 9.26804, 1.90735e-06, -7.72839 )

[node name="Tree3" parent="." instance=ExtResource( 4 )]
transform = Transform( -0.14389, 0, -0.989594, 0, 1, 0, 0.989594, 0, -0.14389, 6.97894, 1.90735e-06, -0.0471511 )

[node name="Twig" parent="." instance=ExtResource( 5 )]
transform = Transform( 1, 0, 0, 0, 1, 0, 0, 0, 1, -8, 1, 1 )

[node name="Twig2" parent="." instance=ExtResource( 5 )]
transform = Transform( 1, 0, 0, 0, 1, 0, 0, 0, 1, -15, 1, 3 )

[node name="Twig3" parent="." instance=ExtResource( 5 )]
transform = Transform( 1, 0, 0, 0, 1, 0, 0, 0, 1, -17, 1, -5 )

[node name="Twig4" parent="." instance=ExtResource( 5 )]
transform = Transform( 1, 0, 0, 0, 1, 0, 0, 0, 1, -23, 1, 0 )

[node name="Twig5" parent="." instance=ExtResource( 5 )]
transform = Transform( 1, 0, 0, 0, 1, 0, 0, 0, 1, -7, 1, 7 )

[node name="Villager" parent="." instance=ExtResource( 6 )]
transform = Transform( 0.258819, 0, -0.965926, 0, 1, 0, 0.965926, 0, 0.258819, -1.24648, 1.5, -14.3928 )

[node name="DirectionalLight" type="DirectionalLight" parent="."]
transform = Transform( -0.352358, -0.735598, 0.578567, 0.155297, 0.563688, 0.811258, -0.922891, 0.375703, -0.0843833, 0, 18.5289, 0 )
light_energy = 0.1
shadow_enabled = true

[node name="GUI" parent="." instance=ExtResource( 8 )]

[node name="CraftingTable" parent="." instance=ExtResource( 11 )]
transform = Transform( 0.707107, 0, 0.707107, 0, 1, 0, -0.707107, 0, 0.707107, 2.15963, 1.90735e-06, 4.86822 )
